000132
000190
000207
000288
000477
000518
000648
000663
000748
000754
000768
000782
000793
000829
000855
000911
000971
001124
001152
001385
001434
001445
001595
001691
001892
001902
001962
002024
002027
002056
002201
002228
002256
002278
002374
002490
002539
002566
002699
002734
002776
002783
002812
002816
002859
002867
002899
003021
003083
003137
003154
003163
003195
003228
003311
003407
003441
003576
003621
003635
003636
003642
003711
003786
003835
003966
003973
004073
004120
004136
004174
004186
004303
004387
004530
004544
004552
004630
004648
004705
004719
004727
004910
004953
005026
005068
005090
005262
005374
005387
005530
005631
005658
005669
005731
005906
005911
005961
006018
006096
006218
006290
006330
006346
006352
006437
006501
006569
006759
006766
006821
007002
007003
007074
007095
007144
007236
007241
007271
007279
007298
007346
007376
007398
007437
007480
007484
007546
007575
007633
007650
007736
007773
007855
007908
007920
008004
008023
008026
008044
008098
008125
008262
008293
008315
008338
008360
008387
008397
008494
008503
008562
008680
008702
008747
008771
008793
008838
008848
008883
008911
008966
009015
009037
009059
009073
009105
009126
009161
009163
009174
009283
009315
009358
009386
009392
009409
009412
009627
009678
009685
009734
009762
009764
009832
009845
000007
000012
000020
000026
000047
000060
000083
000091
000131
000134
000142
000153
000156
000159
000161
000169
000180
000220
000221
000233
000245
000251
000262
000263
000289
000296
000302
000303
000311
000317
000318
000320
000329
000334
000338
000343
000355
000367
000373
000387
000396
000404
000406
000420
000431
000461
000469
000474
000494
000509
000515
000522
000541
000543
000554
000579
000590
000605
000620
000628
000653
000672
000688
000700
000776
000787
000800
000818
000823
000860
000871
000888
000906
000935
000937
000972
000977
001052
001057
001060
001069
001093
001112
001119
001125
001148
001237
001258
001268
001281
001290
001294
001330
001334
001352
001360
001364
001371
001384
001386
001409
001414
001432
001455
001466
001472
001488
001492
001494
001532
001559
001561
001576
001604
001618
001622
001640
001662
001676
001693
001699
001746
001780
001801
001821
001845
001862
001877
001881
001899
001931
001937
001944
001954
001980
002019
002023
002045
002116
002125
002134
002135
002153
002170
002174
002178
002180
002182
002197
002241
002244
002247
002248
002281
002291
002307
002311
002340
002343
002355
002373
002393
002411
002420
002436
002454
002478
002493
002497
002504
002533
002534
002544
002559
002563
002595
002606
002625
002643
002646
002647
002667
002682
002693
002704
002730
002759
002772
002779
002804
002833
002854
002884
002917
002937
002994
003007
003009
003013
003027
003032
003051
003053
003054
003057
003092
003094
003103
003117
003165
003176
003214
003231
003240
003243
003256
003261
003271
003285
003313
003331
003344
003355
003359
003363
003379
003390
003397
003406
003420
003461
003484
003551
003555
003596
003606
003608
003634
003655
003703
003713
003721
003790
003798
003806
003809
003820
003824
003885
003891
003936
003954
003971
003987
003997
003998
004011
004019
004087
004089
004091
004108
004145
004203
004228
004231
004242
004244
004284
004295
004304
004329
004346
004365
004367
004384
004386
004429
004439
004481
004488
004494
004519
004526
004539
004563
004576
004581
004591
004604
004618
004660
004687
004691
004747
004748
004750
004779
004786
004793
004805
004808
004823
004828
004830
004850
004863
004873
004890
004903
004946
004961
004962
004973
004983
005003
005020
005028
005047
005065
005067
005071
005072
005102
005110
005156
005159
005169
005199
005209
005259
005273
005305
005318
005331
005350
005373
005423
005457
005483
005486
005489
005499
005536
005547
005549
005566
005577
005584
005585
005588
005592
005593
005609
005640
005645
005679
005738
005747
005749
005756
005760
005782
005791
005806
005830
005831
005839
005861
005868
005897
005899
005918
005956
005979
005988
005998
006009
006011
006035
006038
006043
006058
006062
006079
006089
006097
006103
006124
006128
006133
006151
006196
006203
006206
006210
006223
006224
006225
006235
006250
006261
006277
006301
006320
006325
006329
006362
006369
006375
006396
006417
006421
006438
006458
006459
006484
006497
006524
006588
006593
006625
006632
006654
006660
006668
006706
006719
006734
006736
006748
006783
006858
006868
006884
006893
006900
006918
006931
006988
007004
007040
007058
007068
007090
007133
007159
007167
007205
007247
007261
007270
007283
007284
007285
007294
007305
007363
007374
007383
007414
007422
007424
007427
007446
007468
007479
007490
007497
007525
007527
007566
007592
007601
007614
007622
007647
007653
007663
007667
007691
007699
007709
007721
007731
007745
007779
007790
007815
007819
007821
007843
007856
007883
007898
007905
007921
007931
007932
007950
007963
007964
007970
007971
008001
008019
008031
008037
008057
008060
008079
008087
008093
008105
008108
008160
008169
008174
008188
008197
008225
008232
008268
008279
008294
008296
008329
008336
008359
008376
008388
008391
008429
008444
008449
008461
008466
008478
008482
008483
008484
008502
008517
008524
008549
008550
008572
008581
008586
008601
008633
008663
008665
008676
008706
008716
008727
008739
008750
008768
008784
008794
008801
008826
008843
008859
008891
008892
008909
008923
008929
008939
008958
008968
008969
008978
009000
009006
009029
009045
009053
009058
009060
009064
009078
009106
009116
009121
009178
009179
009186
009205
009213
009214
009254
009269
009282
009286
009318
009326
009336
009350
009368
009406
009411
009424
009434
009448
009469
009477
009507
009515
009517
009532
009558
009596
009614
009620
009623
009641
009644
009671
009676
009699
009711
009718
009729
009733
009745
009774
009776
009785
009801
009810
009822
009830
009834
009839
009848
009862
009863
009879
009898
009900
009904
009913
009920
009932
009938
009959
000019
000044
000077
000099
000118
000122
000143
000209
000215
000242
000354
000400
000403
000430
000486
000516
000528
000544
000549
000690
000705
000710
000794
000857
000876
000912
000921
000962
001001
001009
001043
001078
001082
001110
001156
001185
001211
001233
001274
001314
001387
001395
001404
001443
001486
001541
001555
001582
001610
001669
001673
001747
001755
001768
001816
001825
001840
001888
001906
001934
001940
001971
001981
001982
002006
002034
002058
002067
002095
002109
002145
002151
002196
002202
002215
002268
002308
002375
002391
002407
002437
002441
002445
002461
002470
002480
002483
002637
002677
002706
002760
002766
002785
002796
002924
002934
002944
002952
002995
003031
003045
003085
003106
003127
003169
003184
003213
003272
003308
003351
003392
003415
003500
003522
003525
003546
003586
003620
003656
003674
003763
003780
003788
003793
003807
003814
003844
003890
003912
003937
003984
003991
004016
004031
004035
004076
004129
004149
004150
004185
004212
004287
004310
004345
004376
004404
004432
004446
004455
004502
004566
004600
004628
004654
004683
004708
004743
004792
004814
004832
004856
004866
004878
004907
004955
004963
004985
004998
005078
005101
005104
005131
005183
005222
005270
005307
005312
005380
005434
005445
005455
005470
005519
005539
005559
005579
005586
005590
005630
005715
005769
005819
005838
005845
005850
005879
005901
005917
005954
005960
005970
005980
006026
006061
006069
006084
006105
006125
006183
006234
006260
006262
006269
006305
006318
006353
006425
006462
006473
006495
006512
006547
006565
006595
006657
006674
006725
006740
006760
006781
006813
006869
006876
006883
006949
006963
006971
006976
006989
007025
007038
007050
007071
007197
007204
007223
007249
007295
007329
007334
007343
007344
007416
007417
007419
007454
007517
007524
007530
007565
007640
007682
007753
007758
007762
007824
007863
007868
007878
007885
007958
007974
008100
008229
008254
008258
008269
008355
008403
008442
008453
008485
008521
008533
008534
008542
008720
008756
008772
008809
008815
008854
008856
008880
008885
008917
008930
008933
008976
009035
009048
009087
009098
009147
009175
009221
009244
009285
009306
009342
009378
009398
009455
009464
009470
009479
009516
009528
009549
009560
009584
009658
009670
009707
009724
009743
009763
009772
009794
009805
009819
009852
009886
009896
009923
000009
000017
000133
000150
000173
000194
000214
000275
000328
000332
000347
000372
000407
000435
000470
000483
000523
000524
000577
000667
000695
000702
000760
000764
000799
000879
000991
001064
001071
001084
001236
001241
001254
001287
001337
001405
001420
001515
001523
001556
001586
001628
001632
001690
001724
001727
001730
001766
001807
001894
001927
001945
001960
002042
002043
002183
002187
002190
002213
002238
002249
002261
002273
002329
002405
002448
002471
002520
002555
002633
002657
002678
002684
002713
002735
002774
002786
002800
002842
002858
003015
003017
003121
003189
003210
003290
003294
003303
003307
003362
003403
003424
003429
003436
003492
003611
003618
003625
003645
003691
003696
003732
003735
003754
003772
003779
003889
003939
003948
003960
003970
004051
004077
004117
004146
004168
004195
004307
004323
004339
004372
004389
004450
004487
004535
004537
004553
004625
004634
004656
004662
004686
004722
004788
004789
004815
004834
004872
004902
004935
004950
004968
004995
005081
005094
005114
005161
005236
005248
005278
005306
005351
005419
005453
005461
005511
005550
005568
005611
005636
005700
005728
005732
005741
005877
005948
006095
006134
006249
006276
006285
006295
006382
006392
006428
006429
006445
006455
006506
006572
006611
006617
006645
006722
006769
006789
006797
006836
006847
006850
006862
006866
006911
006933
007018
007035
007109
007138
007185
007216
007234
007243
007260
007308
007325
007439
007448
007526
007547
007570
007576
007594
007603
007611
007637
007697
007705
007727
007748
007809
007919
008040
008069
008142
008191
008209
008248
008307
008311
008320
008427
008437
008509
008526
008564
008596
008610
008612
008653
008699
008731
008744
008805
008862
008867
008876
008886
008914
008919
009020
009024
009114
009138
009148
009202
009208
009236
009251
009255
009331
009337
009407
009438
009465
009468
009512
009698
009719
009732
009767
009807
009808
009841
009851
009874
009954
000051
000072
000163
000164
000219
000374
000419
000427
000463
000499
000525
000583
000685
000686
000733
000770
000822
000851
000892
000987
001008
001017
001068
001171
001199
001201
001266
001286
001333
001426
001450
001475
001485
001510
001617
001688
001723
001765
001903
001928
001941
001948
002022
002082
002104
002155
002172
002191
002260
002290
002318
002366
002367
002419
002458
002519
002567
002585
002599
002666
002723
002795
002807
002848
002870
002893
003089
003124
003162
003327
003336
003367
003391
003396
003412
003539
003567
003585
003684
003706
003760
003826
003849
003855
003941
003992
004003
004033
004067
004191
004215
004229
004255
004275
004283
004300
004321
004338
004361
004380
004463
004507
004601
004647
004694
004796
004836
004840
004882
004967
005093
005116
005173
005212
005215
005258
005260
005314
005398
005414
005436
005448
005552
005608
005615
005652
005729
005736
005783
005875
005878
005884
005928
005951
005989
005990
005996
006071
006120
006177
006216
006236
006243
006272
006440
006476
006532
006550
006585
006618
006647
006747
006762
006822
006839
006874
006966
007009
007073
007150
007174
007200
007211
007314
007466
007642
007670
007688
007712
007793
007897
007902
007911
007984
008008
008241
008250
008312
008535
008595
008695
008742
008752
008810
008817
008979
009004
009007
009034
009049
009160
009180
009191
009209
009230
009259
009287
009291
009312
009382
009393
009457
009494
009504
009540
009573
009591
009691
009756
009781
009944
